# Normal vectors extracted from a triangulated normal fault surface.
-3.868049147416790512e-01 -3.491345887341311127e-01 -8.535144971710391104e-01
-5.762835634065421875e-01 -6.181353413752774806e-01 -5.346082250492661947e-01
-6.418984142825164829e-01 -6.653949068272145828e-01 3.810722289933936024e-01
-8.902712746658818510e-01 -4.103402593420430455e-01 -1.975801838947693068e-01
-5.853612131552327069e-01 -5.223986116527049722e-02 8.090879105751535016e-01
-8.109779974518743773e-01 -3.964681233287263851e-01 4.302647032155267337e-01
-6.236706147643658049e-01 -6.389121495755724078e-01 4.503623312446983773e-01
-5.387402879401358424e-01 -6.888406190058570244e-01 -4.850335078711647263e-01
-7.222493650698604828e-01 -5.973259981812489849e-01 -3.486509810009976174e-01
-6.371750854742770365e-01 -6.262196172955756257e-01 4.492848777390917592e-01
-5.701272807504286222e-01 -2.063798893273589286e-01 -7.952120629274613828e-01
-6.510801958052802041e-01 -4.436192689037105619e-01 6.158705406881346267e-01
-5.707736215278006453e-01 -6.933721364504631390e-01 4.398324150880187355e-01
-1.495883471177480439e-01 -8.716233178251827640e-01 4.667934427881356707e-01
-6.483861412326472617e-01 -4.285037379495179044e-01 6.292693846205521524e-01
-7.107279847549190510e-01 -6.028393251646225748e-01 3.625610013794560160e-01
-5.534316627742049688e-01 -5.964261643616669550e-01 5.813684073836558053e-01
-8.236054610264189613e-01 -4.192276616195974026e-01 3.819976600719227622e-01
-7.798871304525231141e-01 -6.223591831440411504e-01 6.667166497704128669e-02
-6.264590492132139365e-01 -6.164110479219045979e-01 4.770602474097958012e-01
-3.657723793214980312e-01 -5.618449206294546805e-01 7.419844012432956770e-01
-5.309554595077189409e-01 -7.578079646105916334e-01 3.792273576519752387e-01
-7.121018759838855239e-01 -6.980202157537522822e-01 7.535712719654434621e-02
-6.833719410923134729e-01 -6.167046971806547928e-01 3.907404593883775923e-01
-4.020055240518289885e-01 -8.688369734331962135e-01 2.889876679501359180e-01
-3.659004518928254401e-01 -5.675820279760858122e-01 7.375415248127930035e-01
-9.670639715883353471e-01 1.574437864512462926e-01 -1.999968223839812820e-01
-7.883966300616496170e-01 -3.596287499741329108e-01 4.990971006722807468e-01
-5.230723293797706619e-01 -7.178660353681679540e-01 4.594166883146594826e-01
-5.409829222672710713e-01 -4.962264305490149408e-01 6.790410940729194600e-01
-5.673072035231216947e-01 -6.899828230836247966e-01 4.495400323445365443e-01
-8.853082472419165905e-01 -4.647865581806316371e-01 -1.423947681790785694e-02
-7.642538013596734681e-01 -5.880828091804632951e-01 2.647163324271920581e-01
-5.325680626753188651e-01 -5.509065254325555827e-01 6.425521448521408496e-01
-7.805908317573444499e-01 -5.261298839856808351e-01 3.374393257366296583e-01
-6.436658464775492083e-01 -5.717932936771282781e-01 5.086715122593377103e-01
-6.522922140649731748e-01 -6.057092687393498265e-01 4.556656112034978556e-01
-1.654083213201537894e-01 -9.958181018241826776e-02 9.811847686948883540e-01
-4.214197926226496693e-01 -7.266842869785435921e-01 5.425267785504864770e-01
-6.823210223253127760e-01 -5.779433979200094829e-01 4.476823106775760230e-01
-4.154970562766961001e-02 -5.826162215136163613e-01 8.116846434370005303e-01
-9.961875717626257343e-01 1.145109159185838006e-02 -8.648233557807134819e-02
-9.969422102953909848e-01 -7.796335064716349017e-02 -5.286330221220308240e-03
-6.429816133829330260e-01 -5.823497641169912420e-01 4.974368272297148286e-01
-5.112331494951216637e-01 -4.150941262606744342e-01 7.525540068335200283e-01
-2.554359571817783059e-01 -1.060301820333593714e-01 9.609943143830775858e-01
-4.628815710155723129e-01 -3.480089254705533985e-01 8.152486976420059150e-01
-6.759453214275715771e-01 -6.504295442096099666e-01 3.464669254913894103e-01
-7.054418977665428692e-01 -5.580501219400045843e-01 4.369574238736359528e-01
-6.650958140147955611e-01 -6.298851706784253102e-01 4.011137369118730756e-01
-3.029501865870053434e-01 -6.781738674215358476e-01 6.695531270880719088e-01
-6.134507029697702229e-01 -6.218116977529353218e-01 4.868556742644651880e-01
-6.507400921901630442e-01 -6.544678980492071307e-01 3.849793537832785773e-01
-4.406706319711734543e-01 -7.942633503796905359e-01 -4.182763731813637365e-01
-2.515724365402441376e-01 -9.350836554649184507e-01 2.496595010320462327e-01
-7.018164785705692799e-01 -5.377758103205074747e-01 4.671732101061951692e-01
-1.557890840238297381e-01 -7.856830785730582745e-02 -9.846607447742882213e-01
-7.121829586115364652e-01 -5.231476557532175331e-01 4.680939689242229473e-01
-3.440575913229107496e-01 -2.960806347463595389e-01 -8.910446855131731736e-01
-8.629086846192813853e-01 -4.484411849125203853e-01 -2.330002267871780497e-01
-8.019191596652585075e-01 -3.850016710960867949e-01 4.568362667466168148e-01
-7.376605327582768101e-01 -4.661343361601646418e-01 4.884421348156789966e-01
-7.381025357289078270e-01 -4.649580375517486930e-01 4.888953569697538915e-01
-7.264198150713387925e-01 -4.855789771338475669e-01 4.863407336809945636e-01
